pfki1f =    -0.002477899136 ;
pfki2f =    -0.001840381024 ;
pfki3f =     0.003075711717 ;
pfki4f =                  0 ;
pfki5f =                  0 ;
pfki1d =     0.002421961455 ;
pfki2d =     0.002490535811 ;
pfki3d =     -0.03103797272 ;
pfki4d =                  0 ;
pfki5d =                  0 ;
